"1",1,40.8373773890375,-73.8342186233795
"2",1,40.8357708941702,-73.8323695548717
"3",1,40.8340952400581,-73.8305827150901
"4",1,40.8323529611306,-73.8288603685585
"5",1,40.8305468103306,-73.8272045391013
"6",1,40.8286797386019,-73.8256169991074
"7",1,40.8267548725121,-73.8240992616702
"8",1,40.8247754903973,-73.822652575666
"9",1,40.8227449974309,-73.8212779237681
"10",1,40.820666900034,-73.8199760233324
"11",1,40.8185447800395,-73.8187473300363
"12",1,40.8163822690086,-73.8175920440958
"13",1,40.8141830230792,-73.8165101188475
"14",1,40.8119506986878,-73.8155012714439
"15",1,40.8096889294741,-73.814564995384
"16",1,40.8074013046294,-73.813700574585
"17",1,40.8050913489044,-73.8129070986912
"18",1,40.8027625044435,-73.8121834793187
"19",1,40.8004181145643,-73.8115284669383
"20",1,40.798061409553,-73.8109406681156
"21",1,40.7956954945056,-73.8104185628477
"22",1,40.793323339201,-73.8099605217564
"23",1,40.7909477699607,-73.8095648229265
"24",1,40.7885714634169,-73.8092296682067
"25",1,40.786196942088,-73.8089531988179
"26",1,40.7838265716387,-73.8087335101449
"27",1,40.7814625596913,-73.8085686656128
"28",1,40.7791069560394,-73.8084567095801
"29",1,40.7767616541174,-73.8083956791997
"30",1,40.77442839357,-73.8083836152259
"31",1,40.7721087637744,-73.8084185717619
"32",1,40.7698042081674,-73.8084986249603
"33",1,40.7675160292402,-73.8086218807023
"34",1,40.7652453940703,-73.808786481295
"35",1,40.7629933402684,-73.8089906112314
"36",1,40.7607607822323,-73.809232502069
"37",1,40.7585485176065,-73.8095104364845
"38",1,40.7563572338603,-73.809822751566
"39",1,40.7541875149052,-73.8101678414063
"40",1,40.7520398476864,-73.8105441590604
"41",1,40.7499146286884,-73.8109502179293
"42",1,40.7478121703086,-73.811384592631
"43",1,40.745732707058,-73.8118459194161
"44",1,40.7436764015576,-73.8123328961846
"45",1,40.7416433503051,-73.8128442821534
"46",1,40.7396335891934,-73.8133788972255
"47",1,40.7376470987689,-73.8139356211028
"48",1,40.7356838092186,-73.8145133921853
"49",1,40.7337436050849,-73.8151112062929
"50",1,40.7318263297043,-73.815728115243
"51",1,40.7299317893753,-73.8163632253156
"52",1,40.7280597572578,-73.8170156956308
"53",1,40.726209977011,-73.8176847364637
"54",1,40.72438216618,-73.8183696075172
"55",1,40.7225760193373,-73.8190696161711
"56",1,40.7207912109928,-73.8197841157228
"57",1,40.7190273982807,-73.820512503634
"58",1,40.7172842234367,-73.8212542197938
"59",1,40.7155613160753,-73.8220087448096
"60",1,40.7138582952803,-73.822775598332
"61",1,40.7121747715196,-73.8235543374215
"62",1,40.7105103483959,-73.8243445549625
"63",1,40.708864624243,-73.8251458781281
"64",1,40.7072371935817,-73.8259579668994
"65",1,40.7056276484419,-73.8267805126418
"66",1,40.704035579564,-73.8276132367394
"67",1,40.7024605774873,-73.828455889289
"68",1,40.7009022335356,-73.8293082478537
"69",1,40.6993601407073,-73.8301701162769
"70",1,40.6978338944801,-73.831041323555
"71",1,40.6963230935363,-73.8319217227685
"72",1,40.6948273404163,-73.8328111900718
"73",1,40.6933462421084,-73.8337096237377
"74",1,40.6918794105793,-73.8346169432579
"75",1,40.6904264632532,-73.8355330884962
"76",1,40.6889870234439,-73.8364580188928
"77",1,40.6875607207452,-73.8373917127194
"78",1,40.6861471913864,-73.8383341663807
"79",1,40.6847460785542,-73.8392853937631
"80",1,40.6833570326893,-73.8402454256265
"81",1,40.6819797117578,-73.8412143090382
"82",1,40.6806137815055,-73.8421921068478
"83",1,40.6792589156942,-73.8431788971985
"84",1,40.6779147963278,-73.8441747730766
"85",1,40.6765811138681,-73.8451798418932
"86",1,40.6752575674454,-73.8461942250999
"87",1,40.6739438650656,-73.8472180578334
"88",1,40.6726397238179,-73.8482514885898
"89",1,40.6713448700847,-73.8492946789244
"90",1,40.6700590397566,-73.8503478031767
"91",1,40.6687819784558,-73.851411048218
"92",1,40.6675134417687,-73.8524846132192
"93",1,40.6662531954925,-73.8535687094386
"94",1,40.6650010158957,-73.8546635600252
"95",1,40.6637566899967,-73.8557693998375
"96",1,40.6625200158621,-73.856886475275
"97",1,40.6612908029269,-73.8580150441202
"98",1,40.6600688723393,-73.8591553753888
"99",1,40.6588540573322,-73.8603077491867
"100",1,40.6576462036242,-73.8614724565698
"101",1,40.6564451698516,-73.8626497994058
"102",1,40.6552508280351,-73.8638400902342
"103",1,40.6540630640826,-73.8650436521222
"104",1,40.6528817783312,-73.8662608185138
"105",1,40.6517068861304,-73.8674919330678
"106",1,40.6505383184698,-73.8687373494833
"107",1,40.6493760226537,-73.8699974313072
"108",1,40.6482199630249,-73.8712725517207
"109",1,40.6470701217404,-73.8725630933015
"110",1,40.6459264996026,-73.8738694477555
"111",1,40.6447891169476,-73.8751920156148
"112",1,40.6436580145939,-73.8765312058965
"113",1,40.6425332548538,-73.8778874357163
"114",1,40.6414149226109,-73.8792611298521
"115",1,40.6403031264652,-73.8806527202501
"116",1,40.6391979999485,-73.8820626454678
"117",1,40.6380997028136,-73.8834913500458
"118",1,40.6370084223962,-73.8849392838016
"119",1,40.6359243750556,-73.8864069010361
"120",1,40.6348478076915,-73.8878946596451
"121",1,40.63377899934,-73.8894030201255
"122",1,40.6327182628498,-73.8909324444674
"123",1,40.6316659466361,-73.8924833949206
"124",1,40.6306224365136,-73.8940563326256
"125",1,40.6295881576062,-73.895651716097
"126",1,40.6285635763299,-73.8972699995469
"127",1,40.6275492024461,-73.8989116310375
"128",1,40.6265455911797,-73.9005770504482
"129",1,40.625553345395,-73.9022666872455
"130",1,40.6245731178216,-73.903980958042
"131",1,40.6236056133196,-73.9057202639311
"132",1,40.6226515911717,-73.9074849875845
"133",1,40.6217118673867,-73.9092754900997
"134",1,40.6207873169981,-73.9110921075852
"135",1,40.6198788763353,-73.9129351474722
"136",1,40.6189875452458,-73.9148048845424
"137",1,40.6181143892381,-73.916701556664
"138",1,40.6172605415176,-73.9186253602286
"139",1,40.6164272048774,-73.9205764452861
"140",1,40.6156156534057,-73.922554910376
"141",1,40.6148272339664,-73.9245607970583
"142",1,40.6140633674032,-73.9265940841516
"143",1,40.6133255494155,-73.9286546816904
"144",1,40.612615351047,-73.9307424246207
"145",1,40.6119344187259,-73.932857066258
"146",1,40.6112844737904,-73.9349982715414
"147",1,40.6106673114292,-73.9371656101243
"148",1,40.6100847989638,-73.9393585493517
"149",1,40.6095388733983,-73.9415764471847
"150",1,40.6090315381602,-73.9438185451429
"151",1,40.6085648589552,-73.9460839613454
"152",1,40.6081409586639,-73.9483716837455
"153",1,40.607762011208,-73.9506805636622
"154",1,40.6074302343233,-73.9530093097254
"155",1,40.6071478811831,-73.9553564823611
"156",1,40.6069172308273,-73.9577204889543
"157",1,40.6067405773677,-73.9600995798335
"158",1,40.6066202179548,-73.962491845229
"159",1,40.6065584395152,-73.9648952133609
"160",1,40.606557504289,-73.9673074498118
"161",1,40.6066196342246,-73.9697261583403
"162",1,40.6067469943181,-73.9721487832795
"163",1,40.6069416750132,-73.9745726136578
"164",1,40.607205673813,-73.9769947891594
"165",1,40.6075408762865,-73.9794123080219
"166",1,40.6079490366865,-73.9818220369402
"167",1,40.6084317584267,-73.984220723014
"168",1,40.6089904746955,-73.9866050077382
"169",1,40.609626429507,-73.9889714429937
"170",1,40.6103406595107,-73.991316508953
"171",1,40.611133976893,-73.9936366337643
"172",1,40.6120069537081,-73.9959282148337
"173",1,40.6129599079712,-73.9981876414743
"174",1,40.613992891834,-74.0004113186493
"175",1,40.6151056821357,-74.0025956914939
"176",1,40.6162977735927,-74.004737270267
"177",1,40.6175683748407,-74.006832655358
"178",1,40.6189164074981,-74.0088785619563
"179",1,40.6203405083521,-74.0108718439835
"180",1,40.6218390347123,-74.0128095168945
"181",1,40.6234100729022,-74.0146887789665
"182",1,40.6250514497955,-74.0165070307247
"183",1,40.6267607472326,-74.0182618921877
"184",1,40.6285353190936,-74.0199512176638
"185",1,40.6303723107461,-74.0215731078819
"186",1,40.6322686805356,-74.0231259193014
"187",1,40.6342212229513,-74.0246082705063
"188",1,40.6362265930712,-74.0260190456555
"189",1,40.6382813318744,-74.0273573950204
"190",1,40.6403818920047,-74.028622732705
"191",1,40.6425246635795,-74.0298147316932
"192",1,40.644705999652,-74.0309333164196
"193",1,40.6469222409678,-74.0319786530981
"194",1,40.6491697396862,-74.0329511380725
"195",1,40.6514448817846,-74.0338513844783
"196",1,40.6537441079039,-74.0346802075139
"197",1,40.656063932445,-74.0354386086262
"198",1,40.6584009607742,-74.036127758911
"199",1,40.6607519044419,-74.036748982017
"200",1,40.6631135943647,-74.0373037368262
"201",1,40.6654829919649,-74.0377936001608
"202",1,40.6678571982963,-74.0382202497426
"203",1,40.6702334612186,-74.0385854476026
"204",1,40.6726091807118,-74.0388910241083
"205",1,40.674981912442,-74.0391388627509
"206",1,40.6773493697084,-74.0393308857996
"207",1,40.6797094239117,-74.0394690409108
"208",1,40.682060103694,-74.0395552887457
"209",1,40.6843995928999,-74.0395915916353
"210",1,40.6867262275123,-74.0395799033034
"211",1,40.6890384917102,-74.0395221596451
"212",1,40.6913350131902,-74.0394202705409
"213",1,40.6936145578883,-74.0392761126741
"214",1,40.6958760242253,-74.0390915233083
"215",1,40.6981184369938,-74.0388682949752
"216",1,40.7003409409893,-74.0386081710153
"217",1,40.7025427944815,-74.0383128419126
"218",1,40.704723362607,-74.0379839423596
"219",1,40.7068821107571,-74.0376230489898
"220",1,40.7090185980231,-74.0372316787146
"221",1,40.7111324707507,-74.0368112876038
"222",1,40.7132234562487,-74.0363632702487
"223",1,40.7152913566868,-74.0358889595533
"224",1,40.7173360432113,-74.0353896268976
"225",1,40.7193574503008,-74.034866482626
"226",1,40.721355570376,-74.0343206768107
"227",1,40.7233304486767,-74.0337533002513
"228",1,40.7252821784103,-74.0331653856684
"229",1,40.7272108961752,-74.0325579090578
"230",1,40.7291167776578,-74.0319317911728
"231",1,40.7310000336,-74.0312878991062
"232",1,40.732860906031,-74.0306270479466
"233",1,40.7346996647563,-74.0299500024873
"234",1,40.7365166040953,-74.0292574789671
"235",1,40.7383120398562,-74.0285501468277
"236",1,40.7400863065395,-74.0278286304711
"237",1,40.741839754757,-74.0270935110064
"238",1,40.7435727488565,-74.0263453279734
"239",1,40.7452856647388,-74.0255845810365
"240",1,40.7469788878569,-74.0248117316387
"241",1,40.7486528113844,-74.0240272046125
"242",1,40.7503078345436,-74.0232313897404
"243",1,40.7519443610806,-74.0224246432637
"244",1,40.7535627978775,-74.021607289335
"245",1,40.7551635536921,-74.0207796214125
"246",1,40.7567470380139,-74.0199419035961
"247",1,40.7583136600284,-74.019094371904
"248",1,40.7598638276803,-74.0182372354882
"249",1,40.7613979468268,-74.0173706777918
"250",1,40.7629164204742,-74.0164948576462
"251",1,40.7644196480886,-74.0156099103112
"252",1,40.7659080249755,-74.0147159484574
"253",1,40.7673819417203,-74.0138130630933
"254",1,40.7688417836843,-74.0129013244386
"255",1,40.77028793055,-74.011980782745
"256",1,40.7717207559101,-74.0110514690665
"257",1,40.7731406268951,-74.0101133959805
"258",1,40.7745479038357,-74.0091665582627
"259",1,40.7759429399535,-74.0082109335169
"260",1,40.777326081078,-74.007246482761
"261",1,40.7786976653837,-74.0062731509734
"262",1,40.7800580231457,-74.005290867599
"263",1,40.7814074765086,-74.0042995470188
"264",1,40.7827463392663,-74.0032990889841
"265",1,40.7840749166487,-74.0022893790171
"266",1,40.7853935051135,-74.0012702887814
"267",1,40.7867023921393,-74.0002416764214
"268",1,40.7880018560167,-73.9992033868755
"269",1,40.7892921656365,-73.9981552521634
"270",1,40.7905735802709,-73.9970970916495
"271",1,40.7918463493454,-73.9960287122848
"272",1,40.7931107121998,-73.9949499088294
"273",1,40.794366897835,-73.9938604640559
"274",1,40.7956151246435,-73.9927601489389
"275",1,40.7968556001214,-73.991648722829
"276",1,40.7980885205594,-73.9905259336159
"277",1,40.7993140707105,-73.9893915178825
"278",1,40.8005324234326,-73.98824520105
"279",1,40.8017437393018,-73.9870866975205
"280",1,40.8029481661969,-73.9859157108148
"281",1,40.8041458388497,-73.9847319337114
"282",1,40.8053368783613,-73.9835350483888
"283",1,40.8065213916794,-73.9823247265719
"284",1,40.8076994710365,-73.9811006296883
"285",1,40.8088711933443,-73.9798624090361
"286",1,40.810036619543,-73.9786097059672
"287",1,40.8111957939028,-73.9773421520893
"288",1,40.8123487432743,-73.9760593694916
"289",1,40.8134954762851,-73.9747609709966
"290",1,40.8146359824807,-73.9734465604452
"291",1,40.8157702314063,-73.9721157330176
"292",1,40.8168981716269,-73.9707680755961
"293",1,40.8180197296834,-73.9694031671758
"294",1,40.8191348089817,-73.9680205793292
"295",1,40.8202432886121,-73.9666198767306
"296",1,40.8213450220981,-73.9652006177478
"297",1,40.8224398360705,-73.9637623551079
"298",1,40.8235275288667,-73.962304636647
"299",1,40.8246078690517,-73.9608270061494
"300",1,40.8256805938621,-73.9593290042875
"301",1,40.8267454075699,-73.9578101696718
"302",1,40.8278019797674,-73.9562700400199
"303",1,40.8288499435735,-73.9547081534566
"304",1,40.8298888937624,-73.9531240499551
"305",1,40.8309183848164,-73.951517272932
"306",1,40.8319379289077,-73.949887371008
"307",1,40.8329469938118,-73.9482338999461
"308",1,40.8339450007593,-73.9465564247819
"309",1,40.8349313222342,-73.9448545221568
"310",1,40.8359052797269,-73.9431277828702
"311",1,40.8368661414535,-73.9413758146614
"312",1,40.8378131200565,-73.9395982452357
"313",1,40.8387453703007,-73.9377947255462
"314",1,40.8396619867861,-73.9359649333448
"315",1,40.8405620016979,-73.9341085770102
"316",1,40.8414443826199,-73.932225399666
"317",1,40.8423080304415,-73.9303151835932
"318",1,40.8431517773893,-73.9283777549436
"319",1,40.8439743852231,-73.9264129887578
"320",1,40.8447745436357,-73.9244208142838
"321",1,40.8455508689046,-73.9224012205941
"322",1,40.846301902845,-73.92035426249
"323",1,40.8470261121198,-73.9182800666776
"324",1,40.8477218879677,-73.916178838195
"325",1,40.8483875464111,-73.9140508670602
"326",1,40.8490213290148,-73.911896535105
"327",1,40.849621404265,-73.9097163229475
"328",1,40.8501858696438,-73.9075108170495
"329",1,40.8507127544745,-73.9052807167926
"330",1,40.851200023614,-73.9030268414975
"331",1,40.8516455820685,-73.900750137298
"332",1,40.8520472806034,-73.8984516837726
"333",1,40.8524029224156,-73.8961327002207
"334",1,40.85271027093,-73.893794551464
"335",1,40.8529670587674,-73.89143875304
"336",1,40.8531709979255,-73.8890669756476
"337",1,40.8533197911917,-73.8866810486939
"338",1,40.8534111447936,-73.8842829627914
"339",1,40.8534427822669,-73.8818748710469
"340",1,40.8534124594984,-73.8794590889872
"341",1,40.8533179808714,-73.8770380929708
"342",1,40.8531572164128,-73.8746145169445
"343",1,40.8529281198082,-73.8721911474163
"344",1,40.8526287471176,-73.8697709165366
"345",1,40.8522572759924,-73.8673568932044
"346",1,40.8518120251607,-73.8649522721438
"347",1,40.8512914739182,-73.862560360933
"348",1,40.8506942813347,-73.8601845650053
"349",1,40.850019304865,-73.8578283706868
"350",1,40.8492656180352,-73.8554953263826
"351",1,40.8484325268689,-73.8531890220671
"352",1,40.8475195847159,-73.8509130672871
"353",1,40.8465266051566,-73.8486710679289
"354",1,40.8454536726737,-73.8464666020439
"355",1,40.8443011508119,-73.8443031950665
"356",1,40.843069687586,-73.8421842947866
"357",1,40.8417602179453,-73.8401132464619
"358",1,40.8403739631581,-73.8380932684667
"359",1,40.8389124270428,-73.836127428877
"360",1,40.8373773890375,-73.8342186233795
